Estación:       XALAPAob,  VER
Operada por:    SMN ESIME
Longitud:       96°54'14"  Longitud: 19°30'43  Altitud: 1360

DD/MM/AAAA HH:MM      DIRS      DIRR  RAPVIENTO2  RAPRAFAGA2      TEMP        HR        PB      PREC   RAD-SOL
26/11/2014 20:00         211         302        1.90        4.00        13.9          77       872.4         0.0       216.0
26/11/2014 20:10         204         279        1.80        3.60        13.7          76       872.3         0.0       208.0
26/11/2014 20:20         213         281        1.60        3.10        13.8          72       872.2         0.0       201.0
26/11/2014 20:30         207           7        1.00        2.70        14.1          71       872.2         0.0       197.0
26/11/2014 20:40         152         274        1.00        1.70        14.2          69       872.3         0.0       178.0
26/11/2014 20:50         155         232        1.10        2.90        14.1          75       872.2         0.0       153.0
26/11/2014 21:00         143         273        1.10        2.30        14.1          75       872.2         0.0       133.0
26/11/2014 21:10         147         266        1.30        2.80        13.9          79       872.2         0.0       134.0
26/11/2014 21:20         169         269        1.40        2.70        13.6          79       872.2         0.0       155.0
26/11/2014 21:30         163         269        1.60        2.80        13.5          81       872.1         0.0       130.0
26/11/2014 21:40         167         320        1.60        3.00        13.3          82       872.2         0.0        99.0
26/11/2014 21:50         163         224        1.80        4.20        13.0          83       872.3         0.0        83.0
26/11/2014 22:00         171         221        2.00        4.00        12.8          84       872.3         0.0        92.0
26/11/2014 22:10         173         230        2.00        3.90        12.7          83       872.3         0.0       167.0
26/11/2014 22:20         167         217        2.40        5.00        13.2          81       872.4         0.0       157.0
26/11/2014 22:30         167         238        2.30        5.10        12.8          82       872.4         0.0       123.0
26/11/2014 22:40         175         255        2.10        4.50        12.5          84       872.4         0.0        96.0
26/11/2014 22:50         175         244        2.00        4.60        12.3          85       872.4         0.0        70.0
26/11/2014 23:00         185         332        1.30        3.00        12.2          85       872.5         0.0        50.0
26/11/2014 23:10         174         359        1.50        3.60        12.0          87       872.5         0.0        38.0
26/11/2014 23:20         170         326        1.10        3.00        11.9          87       872.6         0.0        27.0
26/11/2014 23:30         144         272        0.80        2.00        11.7          90       872.6         0.0        14.0
26/11/2014 23:40           0           0        0.00        0.00        11.5          92       872.6         0.0         4.0
26/11/2014 23:50         156           9        0.60        1.70        11.5          93       872.6         0.0         1.0
27/11/2014 00:00         203         304        1.10        2.40        11.3          95       872.7         0.0        -1.0
27/11/2014 00:10         172         249        1.40        2.70        11.1          95       872.7         0.0        -1.0
27/11/2014 00:20         180         230        1.30        2.70        11.0          96       872.9         0.0        -1.0
27/11/2014 00:30         173         277        1.00        1.80        10.9          96       873.0         0.0        -1.0
27/11/2014 00:40         189         252        1.40        3.20        10.9          96       873.1         0.0        -1.0
27/11/2014 00:50         186         338        1.30        2.90        10.8          96       873.2         0.0        -1.0
27/11/2014 01:00         172         231        2.00        4.20        10.6          98       873.3         0.0        -1.0
27/11/2014 01:10         170         224        1.90        3.90        10.3          99       873.5         0.0         0.0
27/11/2014 01:20         179         227        1.50        2.90        10.4          99       873.7         0.0         0.0
27/11/2014 01:30         159         209        1.30        2.50        10.3          99       873.8         0.0         0.0
27/11/2014 01:40         157         283        0.90        1.70        10.3          98       874.0         0.0         0.0
27/11/2014 01:50         163         233        1.30        2.30        10.4          97       874.0         0.0         0.0
27/11/2014 02:00         171         249        1.00        1.90        10.5          97       874.1         0.0         0.0
27/11/2014 02:10         219         336        1.00        2.40        10.4          97       874.1         0.0        -1.0
27/11/2014 02:20         230         295        1.10        2.30        10.3          97       874.2         0.0        -1.0
27/11/2014 02:30         231          24        1.10        2.20        10.5          93       874.4         0.0         0.0
27/11/2014 02:40         222          15        0.90        2.20        10.5          94       874.4         0.0        -1.0
27/11/2014 02:50         212         307        1.50        2.90        10.6          92       874.4         0.0         0.0
27/11/2014 03:00         240         302        1.10        2.30        10.5          95       874.4         0.0         0.0
27/11/2014 03:10         263         349        1.70        3.30        10.3          87       874.4         0.0         0.0
27/11/2014 03:20         256         341        1.10        2.70        10.4          92       874.4         0.0        -1.0
27/11/2014 03:30         205         258        1.00        2.30        10.4          94       874.4         0.0        -1.0
27/11/2014 03:40         206         270        1.50        2.50        10.3          93       874.4         0.0         0.0
27/11/2014 03:50         254         342        1.60        3.90        10.3          87       874.4         0.0         0.0
27/11/2014 04:00         269         311        1.30        2.40        10.2          88       874.5         0.0         0.0
27/11/2014 04:10         272           7        1.30        2.70        10.1          89       874.6         0.0         0.0
27/11/2014 04:20         315         121        0.80        2.20        10.1          90       874.6         0.0         0.0
27/11/2014 04:30         180         246        1.00        2.30        10.1          89       874.6         0.0         0.0
27/11/2014 04:40         183         268        1.30        2.60        10.1          90       874.6         0.0         0.0
27/11/2014 04:50         257         343        0.90        2.30         9.9          92       874.6         0.0         0.0
27/11/2014 05:00         292          17        1.40        2.70         9.8          90       874.5         0.0         0.0
27/11/2014 05:10         294         345        1.20        1.90         9.7          92       874.5         0.0         0.0
27/11/2014 05:20         256         313        1.10        2.10         9.7          92       874.5         0.0         0.0
27/11/2014 05:30         131         333        0.90        1.80         9.8          89       874.4         0.0         0.0
27/11/2014 05:40         239         292        1.00        1.90         9.6          92       874.4         0.0         0.0
27/11/2014 05:50         253         310        1.20        2.20         9.6          93       874.3         0.0         0.0
27/11/2014 06:00         271         324        1.90        3.00         9.4          90       874.3         0.0         0.0
27/11/2014 06:10         294         335        1.80        3.40         9.4          89       874.2         0.0        -1.0
27/11/2014 06:20         303         355        1.60        3.60         9.4          89       874.1         0.0         0.0
27/11/2014 06:30         319         115        0.80        2.40         9.4          87       873.9         0.0        -1.0
27/11/2014 06:40         274          33        1.00        2.80         9.3          88       874.0         0.0         0.0
27/11/2014 06:50         222         263        1.40        2.70         9.2          90       873.9         0.0        -1.0
27/11/2014 07:00         223         282        1.60        2.70         9.1          91       873.9         0.0        -1.0
27/11/2014 07:10         255         310        1.30        2.80         8.8          91       874.0         0.0        -1.0
27/11/2014 07:20         267         313        1.30        2.70         8.1          90       873.9         0.0        -1.0
27/11/2014 07:30         256         295        1.40        2.60         7.3          92       873.7         0.0        -1.0
27/11/2014 07:40         261         314        1.00        1.90         6.8          96       873.6         0.0        -1.0
27/11/2014 07:50         267         338        1.60        3.00         6.5          96       873.6         0.0        -1.0
27/11/2014 08:00         264         305        1.60        2.70         6.2          97       873.6         0.0        -1.0
27/11/2014 08:10         262         285        1.50        2.40         6.0          98       873.5         0.0        -1.0
27/11/2014 08:20
27/11/2014 08:30
27/11/2014 08:40
27/11/2014 08:50
27/11/2014 09:00
27/11/2014 09:10
27/11/2014 09:20
27/11/2014 09:30
27/11/2014 09:40
27/11/2014 09:50
27/11/2014 10:00
27/11/2014 10:10
27/11/2014 10:20
27/11/2014 10:30
27/11/2014 10:40
27/11/2014 10:50
27/11/2014 11:00
27/11/2014 11:10
27/11/2014 11:20
27/11/2014 11:30
27/11/2014 11:40
27/11/2014 11:50
27/11/2014 12:00
27/11/2014 12:10
27/11/2014 12:20
27/11/2014 12:30
27/11/2014 12:40
27/11/2014 12:50
27/11/2014 13:00
27/11/2014 13:10
27/11/2014 13:20
27/11/2014 13:30
27/11/2014 13:40
27/11/2014 13:50           0           0        0.00        0.00         8.3          73       875.6         0.0       209.0
27/11/2014 14:00         246         306        0.60        1.30         8.9          72       875.8         0.0       242.0
27/11/2014 14:10         267         304        0.90        1.50         9.9          68       875.9         0.0       278.0
27/11/2014 14:20         272         307        0.80        1.40        10.7          67       876.0         0.0       312.0
27/11/2014 14:30         275         341        0.70        1.30        11.7          68       876.0         0.0       351.0
27/11/2014 14:40         280         359        0.90        1.80        12.3          70       876.0         0.0       393.0
27/11/2014 14:50         277         354        0.90        2.50        12.3          67       876.1         0.0       432.0
27/11/2014 15:00         162         267        0.70        1.70        12.9          60       876.2         0.0       463.0
27/11/2014 15:10         129         310        0.80        1.80        14.1          61       876.3         0.0       489.0
27/11/2014 15:20         123         306        1.80        3.60        13.5          63       876.4         0.0       526.0
27/11/2014 15:30          96         222        1.30        3.00        14.4          60       876.5         0.0       556.0
27/11/2014 15:40          80         168        1.20        3.50        14.4          59       876.6         0.0       589.0
27/11/2014 15:50         106         253        1.30        2.80        14.7          58       876.5         0.0       616.0
27/11/2014 16:00         129         244        1.40        3.00        14.2          58       876.5         0.0       638.0
27/11/2014 16:10          66         205        1.60        3.30        14.5          58       876.5         0.0       666.0
27/11/2014 16:20          97         274        1.20        2.30        15.0          55       876.5         0.0       687.0
27/11/2014 16:30         105         231        1.90        4.20        14.9          57       876.4         0.0       709.0
27/11/2014 16:40         157         357        1.40        3.60        15.4          54       876.4         0.0       733.0
27/11/2014 16:50         127         258        1.60        3.50        15.2          51       876.3         0.0       755.0
27/11/2014 17:00          96         166        2.00        4.80        14.7          54       876.3         0.0       775.0
27/11/2014 17:10         110         204        2.10        4.30        14.5          53       876.2         0.0       793.0
27/11/2014 17:20         125         290        1.60        3.40        15.3          56       876.2         0.0       802.0
27/11/2014 17:30          95         267        1.60        4.00        15.5          55       876.0         0.0       813.0
27/11/2014 17:40          94         187        2.10        4.50        15.4          53       875.9         0.0       821.0
27/11/2014 17:50         126         222        2.00        4.40        15.6          55       875.8         0.0       823.0
27/11/2014 18:00          81         202        1.90        4.20        16.2          54       875.7         0.0       825.0
27/11/2014 18:10          86         188        2.00        4.40        15.9          49       875.6         0.0       831.0
27/11/2014 18:20
27/11/2014 18:30
27/11/2014 18:40
27/11/2014 18:50
27/11/2014 19:00
27/11/2014 19:10
27/11/2014 19:20
27/11/2014 19:30
27/11/2014 19:40
27/11/2014 19:50
